status: success
msg: null
scores:
  per-episodes:
    loop-000-ego0:
      deviation-heading: 14.987494010084555
      in-drivable-lane: 17.349999999999955
      deviation-center-line: 3.014577267495022
      driven_any: 12.506584489319446
      driven_lanedir: 8.09304273733048
      driven_lanedir_consec: 3.265883623534242
      survival_time: 59.99999999999873
      distance-from-start: 2.760247064797938
  deviation-heading_mean: 14.987494010084555
  deviation-heading_median: 14.987494010084555
  deviation-heading_min: 14.987494010084555
  deviation-heading_max: 14.987494010084555
  in-drivable-lane_mean: 17.349999999999955
  in-drivable-lane_median: 17.349999999999955
  in-drivable-lane_min: 17.349999999999955
  in-drivable-lane_max: 17.349999999999955
  deviation-center-line_mean: 3.014577267495022
  deviation-center-line_median: 3.014577267495022
  deviation-center-line_min: 3.014577267495022
  deviation-center-line_max: 3.014577267495022
  driven_any_mean: 12.506584489319446
  driven_any_median: 12.506584489319446
  driven_any_min: 12.506584489319446
  driven_any_max: 12.506584489319446
  driven_lanedir_mean: 8.09304273733048
  driven_lanedir_median: 8.09304273733048
  driven_lanedir_min: 8.09304273733048
  driven_lanedir_max: 8.09304273733048
  driven_lanedir_consec_mean: 3.265883623534242
  driven_lanedir_consec_median: 3.265883623534242
  driven_lanedir_consec_min: 3.265883623534242
  driven_lanedir_consec_max: 3.265883623534242
  survival_time_mean: 59.99999999999873
  survival_time_median: 59.99999999999873
  survival_time_min: 59.99999999999873
  survival_time_max: 59.99999999999873
  distance-from-start_mean: 2.760247064797938
  distance-from-start_median: 2.760247064797938
  distance-from-start_min: 2.760247064797938
  distance-from-start_max: 2.760247064797938
  simulation-passed: 1
stats: {}
ipfs_hashes: {}
