status: success
msg: null
scores:
  per-episodes:
    loop-000-ego0:
      deviation-heading: 14.67657569258967
      in-drivable-lane: 1.1000000000000156
      deviation-center-line: 3.290423078077026
      driven_any: 12.506461320160058
      driven_lanedir: 11.71874728879019
      driven_lanedir_consec: 11.71874728879019
      survival_time: 59.99999999999873
      distance-from-start: 2.552974458871148
  deviation-heading_mean: 14.67657569258967
  deviation-heading_median: 14.67657569258967
  deviation-heading_min: 14.67657569258967
  deviation-heading_max: 14.67657569258967
  in-drivable-lane_mean: 1.1000000000000156
  in-drivable-lane_median: 1.1000000000000156
  in-drivable-lane_min: 1.1000000000000156
  in-drivable-lane_max: 1.1000000000000156
  deviation-center-line_mean: 3.290423078077026
  deviation-center-line_median: 3.290423078077026
  deviation-center-line_min: 3.290423078077026
  deviation-center-line_max: 3.290423078077026
  driven_any_mean: 12.506461320160058
  driven_any_median: 12.506461320160058
  driven_any_min: 12.506461320160058
  driven_any_max: 12.506461320160058
  driven_lanedir_mean: 11.71874728879019
  driven_lanedir_median: 11.71874728879019
  driven_lanedir_min: 11.71874728879019
  driven_lanedir_max: 11.71874728879019
  driven_lanedir_consec_mean: 11.71874728879019
  driven_lanedir_consec_median: 11.71874728879019
  driven_lanedir_consec_min: 11.71874728879019
  driven_lanedir_consec_max: 11.71874728879019
  survival_time_mean: 59.99999999999873
  survival_time_median: 59.99999999999873
  survival_time_min: 59.99999999999873
  survival_time_max: 59.99999999999873
  distance-from-start_mean: 2.552974458871148
  distance-from-start_median: 2.552974458871148
  distance-from-start_min: 2.552974458871148
  distance-from-start_max: 2.552974458871148
  simulation-passed: 1
stats: {}
ipfs_hashes: {}
